1 0.4034083333333333 0.6222026374200287 0.018941666666666666 0.002373678025851939
1 0.6818166666666666 0.6350228489358924 0.018183333333333333 0.0026113069591330463
1 0.689775 0.7232732732732733 0.014391666666666665 0.0017809113461287375
0 0.11780000000000002 0.725231753492623 0.15681666666666666 0.021839665752709233
0 0.22045833333333334 0.7359133046089568 0.04090833333333334 0.0054602428515472
0 0.27992500000000003 0.7064773469121295 0.037125 0.004273403838621229
1 0.8856083333333333 0.6796513905209557 0.0303 0.004511032771902337
1 0.29318333333333335 0.735141663402533 0.016666666666666666 0.0024924924924924923
1 0.5625 0.7034508421464942 0.014391666666666665 0.0015432824128476302
0 0.8053 0.7184658571615092 0.09848333333333334 0.014243373808591201
0 0.772725 0.6778117247682465 0.053033333333333335 0.00700352526439483
1 0.864775 0.7019663141402271 0.017425 0.0035605170387779084
1 0.24886666666666665 0.6874853113983549 0.023483333333333332 0.0026113069591330463
1 0.17235 0.6068324846585715 0.028033333333333334 0.0043922183052617835
0 0.23446666666666668 0.6036871654262959 0.08105833333333333 0.013768115942028985
0 0.557575 0.6216686251468859 0.025758333333333334 0.0027301214257736
1 0.7719666666666667 0.5448726987857423 0.024241666666666665 0.0043922183052617835
1 0.14924166666666666 0.539234887060974 0.024241666666666665 0.003322888105496801
1 0.2715916666666667 0.5722914218566393 0.025 0.0043922183052617835
0 0.07310833333333333 0.6109870740305523 0.06136666666666667 0.010088784436610524
0 0.7261333333333333 0.5595312704008356 0.044700000000000004 0.007833920877399139
1 0.8428 0.5801253427340384 0.014391666666666665 0.0024924924924924923
1 0.9310583333333333 0.5940135787961875 0.01515 0.0024924924924924923
0 0.14810833333333331 0.46243896069983026 0.062875 0.009258388823606214
0 0.37424166666666664 0.4586995691343517 0.06666666666666667 0.010088784436610524
1 0.3087083333333333 0.4824389606998303 0.028033333333333334 0.0043922183052617835
1 0.2640166666666667 0.4757918788353571 0.015908333333333333 0.0024924924924924923
1 0.572725 0.45436741088915 0.0197 0.0028489358924141533
1 0.27007499999999995 0.5030917874396135 0.017425 0.002967750359054707
1 0.17651666666666666 0.5022613918266092 0.010608333333333334 0.0015432824128476302
1 0.6375 0.47662227444836136 0.008333333333333333 0.0013056534795665231
1 0.4083333333333333 0.5189972581276929 0.012125 0.0020172346259302782
1 0.12424166666666667 0.41982634808721764 0.04545833333333333 0.0071223397310353825
1 0.24129166666666668 0.4132393262828045 0.018941666666666666 0.002967750359054707
0 0.24355833333333332 0.4009544326935631 0.04318333333333333 0.005934195064629847
1 0.26515 0.6784057971014492 0.013633333333333332 0.0015432824128476302
1 0.5590916666666667 0.025875440658049354 0.036366666666666665 0.005697871784828307
1 0.4072 0.02611306959133046 0.08863333333333333 0.011156808982895939
0 0.6583333333333333 0.07774513644078862 0.21969999999999998 0.027537537537537536
0 0.87765 0.058695652173913045 0.09924166666666667 0.016498237367802586
1 0.5844666666666667 0.011216869042955999 0.034091666666666666 0.0032053792923358144
1 0.4280333333333333 0.0457566261914088 0.05151666666666667 0.006053009531270401
1 0.9625 0.07347303825564695 0.021966666666666666 0.0035605170387779084
1 0.9230916666666666 0.10084345214779998 0.04908333333333333 0.007442224833529181
1 0.58465 0.19467815641728684 0.013458333333333333 0.0026047786917352132
1 0.33329166666666665 0.2313304608956783 0.02375 0.0039691865778822295
1 0.26560833333333334 0.22053923488706095 0.013458333333333333 0.0017365191278234757
1 0.48094166666666666 0.2251286068677373 0.019791666666666666 0.0024807416111763936
1 0.159125 0.29124167645906773 0.025333333333333333 0.0039691865778822295
1 0.2339416666666667 0.29055881968925446 0.027708333333333335 0.004837446141793968
1 0.33448333333333335 0.3256613134874004 0.027708333333333335 0.003597075336205771
1 0.406125 0.3178469774121948 0.017416666666666667 0.002356704530617574
0 0.4698583333333334 0.30581538059798924 0.09737499999999999 0.011039300169734952
0 0.834025 0.3782543412978196 0.08787500000000001 0.011039300169734952
0 0.44769166666666665 0.424768246507377 0.10370833333333333 0.013023893458676068
1 0.17219166666666666 0.4289855072463768 0.015041666666666667 0.003100927013970492
1 0.7821750000000001 0.4434978456717587 0.050666666666666665 0.006822039430735083
1 0.9199250000000001 0.4668168168168168 0.030083333333333333 0.004837446141793968
1 0.6844 0.46818122470296386 0.010291666666666666 0.0021086303694999343
1 0.84115 0.5104778691735213 0.027708333333333335 0.0038451494973234103
1 0.3071666666666667 0.4782908995952474 0.01425 0.0019845932889411147
1 0.9721749999999999 0.7044744744744744 0.0285 0.005085520302911608
1 0.625425 0.6484084084084084 0.02375 0.0033490011750881314
0 0.285 0.6487191539365452 0.057 0.007442224833529181
1 0.335275 0.6723475649562607 0.016625 0.0021086303694999343
1 0.15358333333333335 0.6884736910823868 0.017416666666666667 0.002852852852852853
1 0.558925 0.679045567306437 0.01425 0.0021086303694999343
1 0.3055833333333333 0.6801005353179267 0.011083333333333334 0.0022326674500587544
1 0.5660499999999999 0.6345162553858207 0.01425 0.0018605562083822953
1 0.3036083333333333 0.6308578143360751 0.019791666666666666 0.0029768899334116725
1 0.27194166666666664 0.6245932889411151 0.013458333333333333 0.0011163337250293772
1 0.6008833333333333 0.9702872437655047 0.025333333333333333 0.004837446141793968
1 0.46748333333333336 0.9851103277190234 0.024541666666666666 0.0032249640945293118
0 0.26045833333333335 0.9542250946598773 0.06808333333333333 0.008682595639117378
0 0.16981666666666667 0.9849862906384645 0.05304166666666667 0.005953779866823345
0 0.46787500000000004 0.957822169996083 0.042749999999999996 0.006698002350176263
0 0.49162500000000003 0.9363637550594072 0.06174999999999999 0.007194150672411542
0 0.6507583333333333 0.9506893850372111 0.06491666666666668 0.008806632719676199
1 0.8807333333333335 0.9406423815119468 0.018208333333333333 0.002852852852852853
1 0.7144833333333334 0.9663180571876224 0.011875 0.0026047786917352132
1 0.7354666666666666 0.9654497976237106 0.0095 0.0018605562083822953
1 0.08194166666666666 0.9537903120511816 0.007125 0.0016124820472646559
1 0.5763416666666666 0.9331374853113983 0.020583333333333332 0.0022326674500587544
1 0.9448583333333332 0.9710314662488576 0.013458333333333333 0.0021086303694999343
1 0.201875 0.9616673194934064 0.01425 0.0022326674500587544
1 0.09223333333333333 0.972147799973887 0.007125 0.0016124820472646559
1 0.22681666666666667 0.9787217652435043 0.007125 0.0013644078861470164
1 0.47024999999999995 0.9817613265439353 0.012666666666666666 0.0017365191278234757