1 0.5864583333333333 0.09658052727747324 0.17291666666666666 0.030670843121900288
1 0.13229166666666667 0.13932393630905768 0.09375 0.018271991647089533
1 0.65 0.1646110676063691 0.09166666666666666 0.01598799269120334
1 0.640625 0.4367332289219525 0.06458333333333334 0.01076742364917776
1 0.42291666666666666 0.5475071782824328 0.07916666666666666 0.010441138084051161
1 0.14375 0.6651331245105716 0.08333333333333333 0.013377708170190551
1 0.4369083333333333 0.6870647350561211 0.04285833333333333 0.0067123466457843905
1 0.8083333333333333 0.7330240146175934 0.061908333333333336 0.008762725137039937
0 0.6398833333333334 0.6366301226833725 0.14405 0.02517097363612634
1 0.6148833333333333 0.48970764813364653 0.032141666666666666 0.005033933698773166
1 0.24225833333333333 0.23641738449490995 0.07024166666666667 0.009322631166797182
1 0.5880916666666667 0.04987470634299138 0.10238333333333333 0.01659357870007831
1 0.32738333333333336 0.1117762986165492 0.061908333333333336 0.009135995823544766
1 0.4369083333333333 0.11382667710780475 0.05 0.007644218219785956
1 0.6452416666666666 0.13200600365439832 0.11428333333333332 0.01603497781258157
1 0.5244083333333333 0.23035760897937876 0.025 0.003915426781519186
0 0.4 0.5277434090315845 0.061908333333333336 0.009881232054293917
1 0.37440833333333334 0.5199125554685461 0.034525 0.005407204385277995
0 0.5178583333333333 0.8907595927956147 0.07380833333333332 0.011001044113808405
1 0.28928333333333334 0.09210519446619682 0.04285833333333333 0.007457582876533542
1 0.691075 0.15242234403549987 0.08690833333333334 0.009509266510049595
1 0.20655 0.16510049595405898 0.11785833333333334 0.01659357870007831
1 0.5791666666666667 0.341015400678674 0.11785833333333334 0.013796658835813103
1 0.4755916666666667 0.39862829548420775 0.058333333333333334 0.0067123466457843905
0 0.04583333333333333 0.3963899765074393 0.06547499999999999 0.00969590185330201
1 0.15 0.4641647089532759 0.045241666666666666 0.006525711302531976
1 0.3827416666666667 0.46556251631427825 0.04405 0.006339075959279562
1 0.4732166666666667 0.5030396763247194 0.032141666666666666 0.004847298355520752
1 0.7773833333333333 0.5558979378752283 0.03571666666666667 0.004288697468024015
1 0.5363083333333334 0.6921913338553902 0.041666666666666664 0.005780475071782824
1 0.5619083333333333 0.7008613938919342 0.045241666666666666 0.005593839728530409
0 0.8976166666666667 0.7727368833202819 0.03809166666666667 0.006152440616027147
0 0.9380916666666667 0.792966588358131 0.040475 0.0067123466457843905
0 0.9071416666666666 0.863164969981728 0.07142499999999999 0.014356564865570347
0 0.7303583333333333 0.9545249282171756 0.05595 0.009881232054293917
1 0.16369166666666668 0.9288880187940486 0.04405 0.006339075959279562
0 0.202975 0.7473805794831637 0.07975833333333333 0.011746280344557557
0 0.38690833333333335 0.5558979378752283 0.06905 0.009509266510049595
0 0.8880916666666667 0.5765935787000782 0.04761666666666667 0.007644218219785956
0 0.51845 0.6751318193683111 0.06071666666666667 0.01081440877055599
1 0.36607500000000004 0.7646267293134952 0.08928333333333334 0.012678151918559123
0 0.8559500000000001 0.7988397285304099 0.03571666666666667 0.006152440616027147
0 0.058333333333333334 0.9760597755155311 0.09761666666666667 0.013796658835813103
1 0.9434500000000001 0.9118285043069695 0.07024166666666667 0.010254502740798746
0 0.4708333333333333 0.43582484990864 0.08928333333333334 0.013611328634821196
1 0.17916666666666667 0.1961446097624641 0.053575000000000005 0.007085617332289219
1 0.26190833333333335 0.18999086400417645 0.07380833333333332 0.00969590185330201
1 0.4827416666666666 0.162863482119551 0.025 0.004288697468024015
1 0.41428333333333334 0.15829548420777864 0.016666666666666666 0.0018650482902636387
1 0.42975833333333335 0.15670973636126337 0.016666666666666666 0.002423649177760376
1 0.5333333333333333 0.1648211955103106 0.023808333333333334 0.0041020621247716
1 0.53095 0.1577355781780214 0.026191666666666665 0.003728791438266771
1 0.49225833333333335 0.12678543461237274 0.022616666666666667 0.0041020621247716
0 0.21607500000000002 0.09620725659096842 0.06785833333333334 0.0082041242495432
0 0.01964166666666667 0.10562385800052206 0.034525 0.006525711302531976
1 0.24821666666666667 0.0027969198642652047 0.034525 0.005593839728530409
1 0.6428583333333333 0.21674628034455756 0.030950000000000002 0.005033933698773166
1 0.7142833333333333 0.3031662751239885 0.03809166666666667 0.0052205690420255805
0 0.521425 0.5399556251631428 0.04285833333333333 0.0052205690420255805
1 0.672025 0.5412607674236493 0.041666666666666664 0.005593839728530409
1 0.39344999999999997 0.5032250065257113 0.032141666666666666 0.003728791438266771
1 0.43452499999999994 0.35154920386322114 0.021425 0.0027969198642652047
1 0.515475 0.35378621769772906 0.04761666666666667 0.005033933698773166
1 0.902975 0.05975724353954581 0.04405 0.007644218219785956
1 0.19524166666666665 0.4341464369616288 0.021425 0.0035421560950143565
1 0.23571666666666669 0.4428164969981728 0.01905 0.003355520751761942
1 0.5666666666666667 0.24527407987470634 0.030950000000000002 0.003915426781519186
1 0.9386916666666667 0.2865713912816497 0.025 0.0029835552075176196
1 0.8291666666666667 0.29179196032367527 0.027383333333333332 0.0052205690420255805
1 0.7273833333333334 0.4598760114852519 0.01905 0.0035421560950143565
1 0.7351166666666666 0.7393630905768729 0.029758333333333335 0.003915426781519186
1 0.541075 0.8064852518924562 0.032141666666666666 0.005033933698773166
1 0.24940833333333334 0.7931532237013835 0.034525 0.004847298355520752
1 0.13809166666666667 0.8132902636387367 0.03571666666666667 0.0052205690420255805
0 0.17559166666666667 0.8682928739232576 0.041666666666666664 0.004847298355520752
0 0.38214166666666666 0.9319642391020622 0.030950000000000002 0.004660663012268337
0 0.190475 0.9563899765074393 0.04761666666666667 0.007270947533281127