1 0.26944166666666663 0.7191671115856914 0.4666666666666667 0.04876348104644955
0 0.8449083333333334 0.5232247730912973 0.15463333333333334 0.017084890549919914
0 0.24953333333333333 0.5378772023491725 0.15833333333333333 0.017440469834490123
0 0.3625 0.43470368392952485 0.18166666666666667 0.02199679658302189
0 0.35 0.41721516284036303 0.04074166666666667 0.004626801922050187
1 0.88 0.02648158035237587 0.24 0.032888414308595834
0 0.6141666666666666 0.22156967431927388 0.265 0.029257875066737854
1 0.6158333333333333 0.24837159636946077 0.205 0.023064602242391884
1 0.28583333333333333 0.3367859049652963 0.058333333333333334 0.006833956219967966
1 0.9166666666666666 0.3776828617191671 0.056666666666666664 0.007047517351841965
1 0.18 0.398718633208756 0.1 0.01195942338494394
1 0.32166666666666666 0.9680726107848372 0.18 0.020928990923651896
1 0.6825 0.9315536572343833 0.125 0.013240790176187935
1 0.1425 0.9553657234383343 0.12166666666666667 0.013881473571809931
1 0.5441666666666667 0.9222637479978644 0.04833333333333333 0.006193272824345969
1 0.6666666666666666 0.3890016017084891 0.021666666666666667 0.002776294714361986
1 0.22541666666666665 0.47004805125467164 0.0175 0.0023491724506139885
1 0.14791666666666667 0.4726107848371596 0.025833333333333333 0.0025627335824879873
1 0.5725 0.3598505072076882 0.1 0.011745862253069941
1 0.5303 0.9827207688200748 0.1 0.008833956219967966
1 0.57235 0.9920395088093967 0.06894166666666666 0.007085958355579285
0 0.9098499999999999 0.6494682327816338 0.12120833333333332 0.016793379604911906
0 0.10492499999999999 0.6575258942872396 0.19318333333333332 0.02630646022423919
0 0.39431666666666665 0.5854490122797651 0.07348333333333334 0.009124399359316604
1 0.8814416666666667 0.47667805659369994 0.031058333333333337 0.003979711692471971
1 0.14129166666666668 0.3556764548852109 0.04924166666666667 0.006212493326214629
0 0.02613333333333333 0.3338836091831287 0.05226666666666666 0.006698344901227976
0 0.2053 0.0497010144153764 0.13333333333333333 0.018249866524292578
1 0.7515166666666667 0.11653603844100373 0.05454166666666667 0.006504004271222637
1 0.4704583333333333 0.8830272290443139 0.06515 0.0072802989855846245
0 0.10265 0.11537106246663108 0.2053 0.031160704751735182
0 0.48840833333333333 0.04334223171382808 0.19405833333333333 0.020559530165509876
0 0.5323083333333333 0.07369567538707955 0.10190833333333334 0.011252536038441003
1 0.8711083333333333 0.08043352909770422 0.018433333333333333 0.001389215162840363
0 0.5496583333333334 0.09363053924185799 0.09323333333333333 0.012225306994127069
0 0.4753916666666667 0.12544260544580887 0.04878333333333333 0.005279231179925253
1 0.612 0.16531233315536573 0.018433333333333333 0.0016668446342765616
0 0.14094166666666666 0.29728457020822213 0.06721666666666666 0.009446876668446343
1 0.6797583333333334 0.955477843032568 0.026016666666666667 0.003056059797116925
1 0.7832916666666667 0.9328339562199679 0.022766666666666668 0.002778430325680726
1 0.2087 0.8985221569674319 0.011925 0.0016668446342765616
0 0.12955833333333333 0.8765029364655633 0.04878333333333333 0.0054180459156433535
0 0.076975 0.9332514682327816 0.1366 0.017225840896956755
1 0.06884166666666666 0.9492963160704752 0.014091666666666667 0.002361986118526428
1 0.04445 0.9641601708489056 0.026016666666666667 0.00402883075280299
1 0.049325 0.9868040576615056 0.011925 0.002361986118526428
1 0.4479166666666667 0.9815355045381741 0.018058333333333336 0.002758142018152696
1 0.71875 0.9879423384943941 0.03333333333333333 0.00400427122263748
1 0.16285 0.8810282968499733 0.010416666666666666 0.0012461292044847838
1 0.9444416666666666 0.864522156967432 0.018058333333333336 0.002758142018152696
1 0.9430583333333334 0.8647442605445809 0.015274999999999999 0.003025093432995195
1 0.44409999999999994 0.9086139882541377 0.022916666666666665 0.0026695141484249867
1 0.6048583333333334 0.894020288307528 0.027774999999999998 0.0033817405232247732
1 0.7024333333333334 0.8764014949279231 0.07708333333333334 0.008364121729845167
1 0.42118333333333335 0.8675472504004271 0.04791666666666667 0.007029364655632675
1 0.38958333333333334 0.8607399893219434 0.013891666666666668 0.001601708489054992
1 0.44514166666666666 0.8592717565403096 0.013891666666666668 0.0018686599038974907
1 0.734725 0.7242391884676989 0.020833333333333332 0.0026695141484249867
1 0.24166666666666667 0.6175034703683929 0.023608333333333332 0.0032920448478376933
1 0.25972500000000004 0.6084709022957822 0.016666666666666666 0.002135611318739989
1 0.309375 0.6103844100373732 0.011808333333333334 0.0015130806193272824
1 0.7604166666666666 0.5649578216764549 0.018058333333333336 0.002847837693539776
1 0.43576666666666664 0.5531681793913508 0.014583333333333334 0.0018686599038974907
1 0.16076666666666667 0.5387079551521623 0.03125 0.003915643352909771
1 0.37743333333333334 0.5227794981313401 0.01875 0.0023139348638547786
0 0.084025 0.41181740523224775 0.06944166666666667 0.008898024559530166
0 0.21666666666666667 0.38503256807261077 0.061108333333333334 0.007296316070475173
0 0.6538166666666667 0.29257875066737854 0.04375 0.0058729311265349705
1 0.4083333333333333 0.26361452215696746 0.023608333333333332 0.0036486919380672718
1 0.43715000000000004 0.17245061398825415 0.021525 0.002847837693539776
1 0.36944166666666667 0.1693806727175654 0.011108333333333333 0.0013347570742124934