1 0.565975 0.015067110371602885 0.16389166666666666 0.018672212978369386
1 0.7961833333333334 0.0520432612312812 0.18402500000000002 0.021261231281198
1 0.8097249999999999 0.07150083194675541 0.125 0.014328341652800886
1 0.18715 0.03554298391569606 0.07708333333333334 0.008596783139212423
1 0.3145833333333333 0.024311702717692733 0.07083333333333333 0.009428729894620078
1 0.19895833333333332 0.1091236827509706 0.010416666666666666 0.0017559622850804215
1 0.32613333333333333 0.10351414309484193 0.12196666666666668 0.012605657237936772
1 0.607575 0.10517803660565724 0.11060833333333332 0.012100942872989462
1 0.21515 0.010739877981142539 0.057575 0.008168607875762618
1 0.15037499999999998 0.08995119245701608 0.067425 0.008067665002773157
1 0.6382583333333333 0.14314475873544094 0.15985 0.016638935108153077
1 0.07386666666666666 0.1331613976705491 0.06590833333333333 0.006756516916250693
1 0.302275 0.27751747088186357 0.2833333333333333 0.029042706600110924
1 0.4590916666666666 0.3126100942872989 0.18939166666666668 0.02097504159733777
0 0.5939416666666667 0.35198890737659455 0.10303333333333334 0.012806433721575153
1 0.21818333333333334 0.39343538546866336 0.19394166666666665 0.020471436494731005
0 0.5534083333333334 0.4012501386577926 0.11136666666666666 0.014925124792013312
1 0.4007583333333333 0.4326622296173045 0.13636666666666666 0.015832501386577925
0 0.25909166666666666 0.5403616195230172 0.092425 0.01018524681087077
1 0.772725 0.5117226844148641 0.16515000000000002 0.021479755962285078
1 0.175375 0.901477537437604 0.22196666666666667 0.026117581808097614
0 0.20340833333333333 0.7716938435940099 0.07348333333333334 0.009579589572933998
0 0.24204166666666665 0.7538447032723239 0.06590833333333333 0.01946200776483638
0 0.5943166666666666 0.6662129783693843 0.10833333333333334 0.020471436494731005
0 0.44129166666666664 0.6295562950637825 0.08409166666666666 0.009478646699944537
0 0.08988333333333333 0.364471436494731 0.08928333333333334 0.010459234608985025
0 0.19344999999999998 0.3574997226844149 0.08214166666666665 0.010141985579589573
0 0.3625 0.34030615640599005 0.07738333333333333 0.008398225180255129
0 0.36011666666666664 0.3635207986688852 0.06071666666666667 0.008556849694952856
1 0.42435833333333334 0.24220299500831946 0.18205000000000002 0.02022296173044925
0 0.72875 0.9171935662784249 0.2808333333333333 0.03649473100388242
0 0.7825 0.43261231281198004 0.06666666666666667 0.007542983915696062
1 0.6645833333333333 0.19523017193566278 0.059166666666666666 0.007986688851913478
1 0.155 0.17997781475318914 0.051666666666666666 0.006100942872989462
1 0.15625 0.10260676650027732 0.050833333333333335 0.005546311702717693
1 0.09583333333333334 0.1209095951192457 0.058333333333333334 0.006211869107043816
1 0.95125 0.25246810870770936 0.0525 0.006433721575152524
1 0.25875 0.3074320576816417 0.0475 0.006100942872989462
1 0.07541666666666667 0.31830282861896836 0.035833333333333335 0.0047698280643372155
1 0.8829166666666667 0.31902384914032167 0.034166666666666665 0.004658901830282862
0 0.72375 0.38519134775374375 0.13583333333333333 0.019412090959511925
1 0.24083333333333334 0.3706600110926234 0.045 0.0047698280643372155
1 0.4058333333333333 0.4942318358291736 0.04833333333333333 0.004991680532445923
1 0.0625 0.6158624514697726 0.125 0.017304492512479203
1 0.5725 0.817581808097615 0.023333333333333334 0.002995008319467554
1 0.625 0.7889073765945647 0.09666666666666666 0.010870770937326678
1 0.7558333333333334 0.742318358291736 0.035 0.0048807542983915694
1 0.12024166666666666 0.5424692179700499 0.06428333333333333 0.008319467554076539
1 0.15059166666666668 0.49362174154187466 0.026191666666666665 0.0030105379922351636
0 0.5413666666666667 0.17494620077648365 0.060116666666666665 0.007606211869107043
0 0.21458333333333332 0.19150637825845812 0.06845 0.009191347753743761
1 0.4738083333333334 0.3322240709927898 0.040475 0.005387687188019967
1 0.5982166666666667 0.5751125901275652 0.040475 0.005308929561841375
1 0.4505916666666667 0.6290704381586245 0.025 0.003723793677204659
1 0.8361083333333333 0.21889406544647808 0.23333333333333334 0.033277870216306155