0 0.5607749999999999 0.015662784248474764 0.14353333333333335 0.016662229617304493
0 0.7986083333333334 0.05109706045479756 0.16189166666666668 0.01910593455352191
0 0.8369916666666667 0.2174952856350527 0.19193333333333332 0.026215196894065446
0 0.09012500000000001 0.22682640044370492 0.15355 0.023104825291181363
0 0.49318333333333336 0.40322129783693844 0.1185 0.01732889628397116
0 0.8211416666666667 0.39611314475873544 0.18359166666666668 0.020882972823072655
0 0.8119583333333333 0.41710704381586244 0.18191666666666667 0.017995562950637825
0 0.4981916666666667 0.6667043815862451 0.17190833333333333 0.02399334442595674
0 0.6367166666666666 0.6448219633943427 0.15521666666666667 0.021549639489739324
0 0.7059833333333333 0.672369384359401 0.14019166666666666 0.015773710482529117
1 0.6229166666666667 0.7886855241264559 0.09305833333333334 0.010723239046034387
1 0.42569166666666663 0.7951558513588464 0.026391666666666667 0.004806433721575153
1 0.5715250000000001 0.8167864669994453 0.023608333333333332 0.0025879090404880753
1 0.4868083333333333 0.762432612312812 0.020833333333333332 0.0025879090404880753
1 0.7506916666666666 0.7420044370493621 0.029166666666666667 0.004622296173044925
1 0.5534749999999999 0.7046589018302829 0.03194166666666667 0.004251802551303383
1 0.03194166666666667 0.706969495285635 0.030558333333333333 0.004067665002773156
1 0.05764166666666667 0.7218524681087077 0.03194166666666667 0.003513033832501387
1 0.17360833333333334 0.7263815862451469 0.027774999999999998 0.0036971713810316138
1 0.28680833333333333 0.6984658901830283 0.026391666666666667 0.0036971713810316138
1 0.665975 0.6881120354963949 0.020833333333333332 0.0033277870216306157
1 0.902775 0.6712889628397116 0.022225 0.0033277870216306157
1 0.3486083333333333 0.7864669994453688 0.019441666666666666 0.0022185246810870773
1 0.397225 0.7551303383250139 0.016666666666666666 0.0031425402107598446
1 0.45139166666666664 0.6375485302273988 0.06389166666666667 0.008319467554076539
1 0.22985833333333333 0.6109262340543539 0.029166666666666667 0.003513033832501387
1 0.159025 0.6039933444259568 0.020833333333333332 0.0022185246810870773
1 0.05416666666666667 0.6158258458125346 0.10555833333333334 0.018117581808097617
1 0.5965250000000001 0.5749672767609539 0.03194166666666667 0.0036971713810316138
1 0.40625 0.49417637271214643 0.029166666666666667 0.0036971713810316138
1 0.36527499999999996 0.461453133666112 0.027774999999999998 0.0036971713810316138
0 0.6340250000000001 0.46015862451469774 0.184725 0.025143649473100386
1 0.6986083333333334 0.4461087077093733 0.027774999999999998 0.0033277870216306157
1 0.61875 0.4565535219079312 0.023608333333333332 0.0031425402107598446
1 0.240275 0.37067886855241267 0.041666666666666664 0.004806433721575153
1 0.071525 0.31845036051026065 0.023608333333333332 0.003882418191902385
1 0.42291666666666666 0.2420965058236273 0.17360833333333334 0.021261231281198
1 0.5319416666666666 0.35671991125901276 0.041666666666666664 0.004991680532445923
1 0.45972499999999994 0.31327454242928454 0.15 0.019781475318912924
1 0.9534750000000001 0.2526344980587909 0.04583333333333333 0.005731558513588464
1 0.43333333333333335 0.025605102606766503 0.030558333333333333 0.005361064891846921
1 0.23889166666666667 0.0183948973932335 0.030558333333333333 0.003882418191902385
0 0.7208333333333333 0.01913477537437604 0.127775 0.016824181919023847
0 0.20555833333333332 0.08495063782584582 0.025 0.002403771491957848
0 0.36389166666666667 0.035127010537992234 0.075 0.009983361064891847
0 0.4819416666666667 0.19412090959511924 0.09166666666666666 0.011832501386577926
0 0.29375 0.1713810316139767 0.0625 0.00887409872434831
0 0.3541666666666667 0.2168607875762618 0.10833333333333334 0.014789794786467001
0 0.5638916666666667 0.2863749306711037 0.125 0.02107598447032723
0 0.6590250000000001 0.33823294509151414 0.17360833333333334 0.024218524681087077
0 0.7319416666666667 0.7098358291735996 0.16389166666666666 0.02310926234054354
1 0.17430833333333332 0.9027542983915696 0.24583333333333332 0.03105934553521908
1 0.5631916666666666 0.9484193011647255 0.020833333333333332 0.0029584026622296177
1 0.8763916666666667 0.9375119245701609 0.06389166666666667 0.00887409872434831
1 0.6368083333333333 0.9962096505823628 0.023608333333333332 0.003513033832501387
1 0.6729166666666667 0.9933444259567388 0.026391666666666667 0.0036971713810316138
1 0.47291666666666665 0.9883527454242929 0.009725 0.0025879090404880753
1 0.6798583333333333 0.9340909595119246 0.026391666666666667 0.0031425402107598446
1 0.26110833333333333 0.064891846921797 0.022225 0.0033277870216306157
1 0.47777500000000006 0.11406877426511369 0.025 0.0036971713810316138
1 0.6743083333333333 0.16685191347753744 0.018058333333333336 0.0016638935108153079
1 0.6493083333333333 0.15612867443150305 0.023608333333333332 0.0027731558513588465
0 0.7520833333333333 0.17738990571270105 0.10694166666666667 0.01571491957848031
1 0.40555833333333335 0.2632645590682196 0.030558333333333333 0.004437049362174155
1 0.7229166666666667 0.27740765391014977 0.04305833333333334 0.005731558513588464
1 0.4756916666666667 0.3321320022185247 0.03194166666666667 0.004251802551303383
1 0.2951416666666667 0.3191902384914032 0.023608333333333332 0.003513033832501387
1 0.07569166666666667 0.3863926788685524 0.018058333333333336 0.0022185246810870773
1 0.12360833333333335 0.3827875762617859 0.019441666666666666 0.002033277870216306
1 0.4486083333333334 0.41846921797004993 0.016666666666666666 0.002403771491957848
1 0.6138916666666666 0.43057903494176375 0.016666666666666666 0.0025879090404880753
1 0.5763916666666666 0.41625069328896286 0.019441666666666666 0.0027731558513588465
0 0.21458333333333332 0.47957071547420965 0.13472499999999998 0.017378813089295616
0 0.22916666666666666 0.4421331114808652 0.08333333333333333 0.010907376594564614
0 0.6590250000000001 0.48705823627287853 0.1125 0.014235163616195232
0 0.3263916666666667 0.5397481974486966 0.1 0.011277870216306156
0 0.9201416666666667 0.6217415418746534 0.10972499999999999 0.012571270105379923
1 0.27569166666666667 0.6376405990016639 0.020833333333333332 0.0029584026622296177
1 0.359025 0.6234975041597338 0.020833333333333332 0.0016638935108153079
1 0.6881916666666666 0.60353078202995 0.020833333333333332 0.002403771491957848
1 0.740275 0.5872623405435385 0.019441666666666666 0.002403771491957848
1 0.7541666666666667 0.5218158624514698 0.011108333333333333 0.002403771491957848
1 0.7923583333333334 0.5264370493621742 0.018058333333333336 0.002403771491957848
1 0.7631916666666667 0.5488996117581808 0.015274999999999999 0.0022185246810870773
1 0.9159750000000001 0.5694209650582363 0.0125 0.0029584026622296177
1 0.12014166666666666 0.5427986688851913 0.04860833333333333 0.006286189683860233
1 0.33055833333333334 0.10390127565169162 0.1 0.012571270105379923
1 0.0625 0.08605990016638936 0.08333333333333333 0.009428729894620078
0 0.11805833333333332 0.28286189683860236 0.09444166666666666 0.012571270105379923
0 0.8902749999999999 0.0956738768718802 0.102775 0.014975041597337771
0 0.8347249999999999 0.007672767609539656 0.075 0.011647254575707155