0 0.5738666666666666 0.06350731134592806 0.067425 0.008635926993275696
0 0.35870833333333335 0.051911623439000965 0.037125 0.004075141423844594
0 0.11931666666666667 0.05210588109723557 0.04620833333333334 0.006015583306649589
0 0.8643916666666667 0.013002454904472195 0.043941666666666664 0.004463656740313801
0 0.4992416666666667 0.04803073967339097 0.05 0.005822392998185505
0 0.4159083333333333 0.07316149002027965 0.05 0.0050453623652470915
0 0.4742416666666667 0.15471768598569752 0.49090833333333334 0.06491407834347315
0 0.6564416666666667 0.21186892944818017 0.08560833333333334 0.011159141850784501
0 0.42083333333333334 0.24835307930408795 0.08560833333333334 0.009411890276443591
0 0.8253750000000001 0.22608389369196283 0.056816666666666675 0.006209840964884193
0 0.5697 0.22685985697513072 0.04090833333333334 0.004657914398548404
0 0.2984833333333333 0.32049631764329173 0.10605833333333332 0.0122264916213043
0 0.21401666666666666 0.3692549898601772 0.10833333333333334 0.013487031700288185
0 0.13598333333333334 0.33830184651510303 0.0553 0.006695485110470701
0 0.917425 0.356494823353613 0.077275 0.008150282847689188
0 0.09129166666666666 0.482102679047924 0.087125 0.012322553100651083
0 0.720075 0.5799103426192763 0.117425 0.013099583733589498
0 0.28636666666666666 0.6085345287650763 0.05909166666666666 0.007471448393638595
0 0.30265000000000003 0.6182869036183157 0.044700000000000004 0.0050453623652470915
0 0.5738666666666666 0.5786978332799658 0.0553 0.0065983562813533994
0 0.6617416666666667 0.6075643078236739 0.07196666666666666 0.0088301846515103
0 0.27954166666666663 0.6494823353612978 0.07120833333333333 0.008053154018571887
0 0.6530333333333334 0.6499679795068845 0.07575833333333333 0.009800405592912797
0 0.14204166666666665 0.6968822713203117 0.05379166666666666 0.006209840964884193
0 0.4992416666666667 0.6842683317323086 0.06515 0.007957092539225104
0 0.4579583333333333 0.705712455971822 0.059849999999999993 0.008344540505923792
0 0.142425 0.7158031807023161 0.0803 0.010091792080264702
0 0.8655333333333334 0.7485516063614046 0.13409166666666666 0.015234283274629095
0 0.06363333333333333 0.7522392998185505 0.0697 0.007471448393638595
0 0.787125 0.8193852065321806 0.092425 0.011935105133952396
0 0.27689166666666665 0.6706841712029032 0.07651666666666666 0.0098975344220301
0 0.24280000000000002 0.8752748425659089 0.102275 0.011935105133952396
0 0.5409083333333333 0.8710545415732736 0.08939166666666666 0.010867755363432596
0 0.6670416666666668 0.9436343259686198 0.167425 0.02095848009392678
0 0.4795416666666667 0.987977372184865 0.13485 0.0164958907033835
0 0.22613333333333335 0.9509606147934677 0.06894166666666666 0.0070829330771693885
0 0.15340833333333334 0.9291760059771588 0.062875 0.007762834880990501
0 0.312125 0.8598473689828157 0.04848333333333333 0.005725264169068204
0 0.375375 0.7539374533034475 0.047725000000000004 0.005239620023481695
0 0.9552999999999999 0.11265343152951222 0.08939166666666666 0.012808197246237591
0 0.7363666666666666 0.09135553420856014 0.04090833333333334 0.004366527911196499
0 0.120075 0.22060198527057318 0.032575 0.004366527911196499
0 0.04735 0.25228306115914184 0.06439166666666667 0.008344540505923792
0 0.6534083333333334 0.4091343793361084 0.06439166666666667 0.009024442309744904
0 0.39620833333333333 0.4624047390329811 0.05151666666666667 0.006695485110470701
0 0.7659083333333334 0.4987917600597716 0.05 0.006501227452236098
0 0.9677999999999999 0.5983466752054648 0.059849999999999993 0.0088301846515103
0 0.27120833333333333 0.5977158714910876 0.042425 0.005433877681716298
0 0.072725 0.5091738712776177 0.053033333333333335 0.004366527911196499
0 0.06704166666666667 0.1910075781833707 0.08409166666666666 0.008053154018571887