1 0.653575 0.9467852117180504 0.06095833333333334 0.00909684022003326
1 0.3615 0.9378175770756044 0.02878333333333333 0.0051989254189586795
1 0.38859166666666667 0.9908724574645004 0.143925 0.018255085070999103
1 0.317475 0.9726480747089676 0.21165 0.023913265958807727
1 0.7153833333333334 0.4604605347319944 0.28615 0.04236791608033773
1 0.7187666666666667 0.4794358449533069 0.042333333333333334 0.007018037610336446
1 0.22689166666666666 0.4573416911858769 0.027091666666666667 0.0044185749008571066
0 0.181175 0.045617244467186895 0.07111666666666668 0.012736343865933223
1 0.716225 0.12346552385825764 0.040633333333333334 0.004678265319176154
1 0.7949583333333333 0.00389919406421901 0.06265000000000001 0.006237687092234872
1 0.7094583333333333 0.039508762952539335 0.05418333333333333 0.0072777280286554944
1 0.6290250000000001 0.31438147626966867 0.038941666666666666 0.005458615837277728
1 0.8640416666666666 0.40886529359089163 0.2719166666666667 0.07797876423180247
1 0.877925 0.4803454010489958 0.032175 0.004678265319176154
1 0.6882916666666667 0.4993207112703083 0.032175 0.0036395036458999616
1 0.30054166666666665 0.42940002558526286 0.12360833333333335 0.017675578866572852
0 0.3208666666666667 0.4511040040936421 0.08635000000000001 0.014295765638991941
1 0.9075583333333332 0.5184252270692081 0.12190833333333333 0.01689522834847128
1 0.6628916666666667 0.6030318536522963 0.06603333333333333 0.0072777280286554944
1 0.8872416666666667 0.6313636945119611 0.020316666666666667 0.0025994627094793397
1 0.9634333333333333 0.6351324037354483 0.04740833333333334 0.007018037610336446
1 0.5011916666666666 0.813442497121658 0.09143333333333334 0.012736343865933223
1 0.5223583333333334 0.8571101445567353 0.02878333333333333 0.005977996673915824
1 0.154925 0.4867135729819624 0.022008333333333335 0.0033785339644364846
1 0.06603333333333333 0.4672188819240118 0.02370833333333333 0.0033785339644364846
1 0.037250000000000005 0.46241013176410384 0.016933333333333335 0.0025994627094793397
1 0.2886916666666667 0.4798260202123577 0.011850000000000001 0.003118843546117436
1 0.7712583333333334 0.35934885505948577 0.018625000000000003 0.0033785339644364846
1 0.8999416666666668 0.29189842650633235 0.038941666666666666 0.004678265319176154
0 0.28276666666666667 0.36662786235128564 0.14561666666666667 0.020014071894588717
1 0.10328333333333334 0.13724190866061148 0.13884166666666667 0.019235000639631575
1 0.6832083333333333 0.07602916719969298 0.07280833333333334 0.008577459383395164
1 0.02878333333333333 0.08382627606498656 0.02370833333333333 0.0044185749008571066
1 0.09566666666666666 0.07823845465012154 0.03555833333333334 0.005718306255596777
1 0.20403333333333334 0.09344377638480236 0.02878333333333333 0.005458615837277728
0 0.5215083333333332 0.012216963029295126 0.11175 0.01559549699373161
1 0.8635333333333334 0.08226685429192786 0.07450000000000001 0.00909684022003326
1 0.47155833333333336 0.13074325188691313 0.032175 0.0051989254189586795
1 0.5951666666666667 0.12788409875911474 0.022008333333333335 0.0025994627094793397
1 0.6908333333333333 0.22301778175770756 0.16255 0.021834463349110912
0 0.517275 0.1911769220928745 0.07619166666666667 0.00909684022003326
0 0.5333583333333333 0.20404247153639504 0.07789166666666666 0.008317768965076116
1 0.7966583333333334 0.27474350773954204 0.12021666666666665 0.01559549699373161
1 0.11683333333333333 0.3110029423052322 0.13884166666666667 0.02105411283100934
1 0.2582166666666667 0.33803505181015736 0.04571666666666667 0.005458615837277728
1 0.3022416666666667 0.564042471536395 0.093125 0.010917231674555456
1 0.368275 0.565731098887041 0.022008333333333335 0.0028591531277983883
1 0.35980833333333334 0.5808072150441346 0.04571666666666667 0.005458615837277728
1 0.25905833333333333 0.5815875655622362 0.03386666666666667 0.004939235000639632
1 0.11175 0.6017321222975566 0.020316666666666667 0.004158884482538058
1 0.6501916666666667 0.5821069463988743 0.09820833333333333 0.013776384802353844
1 0.7822666666666667 0.5853562747857234 0.016933333333333335 0.0020788026096968146
1 0.8872416666666667 0.5947140846872202 0.020316666666666667 0.004158884482538058
1 0.417375 0.6339631572214404 0.015241666666666666 0.001040040936420622
1 0.6442666666666667 0.7135000639631572 0.204875 0.026512728668287067
1 0.6231 0.7587271331712934 0.14900000000000002 0.018714340539849047
1 0.39790833333333336 0.7211679672508635 0.20995833333333333 0.029891262632723552
0 0.47833333333333333 0.7472905206600997 0.08635000000000001 0.012476653447614174
0 0.204875 0.7489804272738902 0.08805 0.011696302929512601
1 0.3589583333333333 0.8942791352181143 0.016933333333333335 0.0028591531277983883
1 0.45208333333333334 0.9020775233465523 0.037250000000000005 0.005458615837277728
0 0.06603333333333333 0.9148138672124857 0.08465833333333334 0.010657541256236408
1 0.10667499999999999 0.9421069463988743 0.030475 0.0033785339644364846
1 0.8110499999999999 0.9661494179352693 0.06434166666666666 0.006237687092234872
1 0.10751666666666668 0.6980350518101573 0.022008333333333335 0.0044185749008571066
1 0.042333333333333334 0.7406626583088142 0.03386666666666667 0.005458615837277728
0 0.2971583333333333 0.6127785595496994 0.069425 0.009617500319815788
1 0.8499916666666667 0.4919124984009211 0.016933333333333335 0.0033785339644364846
1 0.3665833333333333 0.21288090060125367 0.10667499999999999 0.010917231674555456
0 0.7729499999999999 0.1441294614302162 0.06265000000000001 0.008058078546757068
1 0.061799999999999994 0.2069016246641934 0.032175 0.004678265319176154
1 0.254825 0.2600575668414993 0.12360833333333335 0.018454650121529997
1 0.4029833333333333 0.2955379301522323 0.027091666666666667 0.0036395036458999616
0 0.391975 0.36909684022003325 0.09651666666666667 0.011957272610976078
1 0.355575 0.5215440706153256 0.02370833333333333 0.0033785339644364846
1 0.242125 0.5179045669694257 0.013541666666666667 0.0028591531277983883
1 0.28784166666666666 0.533630548803889 0.016933333333333335 0.0025994627094793397
1 0.15746666666666667 0.574698733529487 0.020316666666666667 0.003118843546117436
0 0.2489 0.6486490981194831 0.081275 0.011696302929512601
1 0.9609 0.6529371881796086 0.0254 0.0036395036458999616
1 0.591775 0.7764027120378663 0.05925833333333333 0.006237687092234872
1 0.367425 0.7996661123193041 0.010158333333333333 0.0028591531277983883